[1,2,3,2,1] [3,2,1,4,7] F
    
    [1,2,3,2,1] [2,1,4,7] F

        [1,2,3,2,1] [1,4,7] F

            [2,3,2,1] [4,7] T 
    
                [2,3,2,1] [7] F  
                    
                    [2,3,2,1] [] 

                    [3,2,1] [7] F 

                        [3,2,1] [] 

                        [2,1] [7] F 

                            [2,1] [] 
                            
                            [1] [7] F 

                                [1] [] 

                                [] [7] 




                [3,2,1] [4,7] F



        
        [2,3,2,1] [2,1,4,7] F



    
    [2,3,2,1] [3,2,1,4,7] F









